0	0	0	0	14	0	0	0	0	0	0	0	181
0	0	0	1	12	0	0	0	1	0	1	0	183
0	0	0	2	10	0	0	0	2	0	2	0	185
0	0	0	3	8	0	0	0	3	0	3	0	187
0	0	0	4	6	0	0	0	4	0	4	0	189
0	0	0	5	4	0	0	0	5	0	5	1	418
0	0	0	6	2	0	0	0	6	0	6	1	416
0	0	0	7	0	0	0	0	7	0	7	1	414
0	0	0	8	30	0	0	0	8	1	0	1	412
0	0	0	9	28	0	0	0	9	1	1	1	410
0	0	0	10	26	0	0	0	10	1	2	2	822
0	0	0	11	24	0	0	0	11	1	3	2	820
0	0	0	12	22	0	0	0	12	1	4	2	818
0	0	0	13	20	0	0	0	13	1	5	2	816
0	0	0	14	18	0	0	0	14	1	6	2	814
0	0	0	15	16	0	0	0	15	1	7	2	812
0	0	0	16	46	0	0	1	0	0	0	0	191
0	0	0	17	44	0	0	1	1	0	1	0	193
0	0	0	18	42	0	0	1	2	0	2	0	195
0	0	0	19	40	0	0	1	3	0	3	0	197
0	0	0	20	38	0	0	1	4	0	4	0	199
0	0	0	21	36	0	0	1	5	0	5	1	408
0	0	0	22	34	0	0	1	6	0	6	1	406
0	0	0	23	32	0	0	1	7	0	7	1	404
0	0	0	24	62	0	0	1	8	1	0	1	402
0	0	0	25	60	0	0	1	9	1	1	1	400
0	0	0	26	58	0	0	1	10	1	2	2	810
0	0	0	27	56	0	0	1	11	1	3	2	808
0	0	0	28	54	0	0	1	12	1	4	2	806
0	0	0	29	52	0	0	1	13	1	5	2	804
0	0	0	30	50	0	0	1	14	1	6	2	802
0	0	0	31	48	0	0	1	15	1	7	2	800
0	0	0	32	15	0	0	2	0	0	0	2	813
0	0	0	33	13	0	0	2	1	0	1	2	815
0	0	0	34	11	0	0	2	2	0	2	2	817
0	0	0	35	9	0	0	2	3	0	3	2	819
0	0	0	36	7	0	0	2	4	0	4	2	821
0	0	0	37	5	0	0	2	5	0	5	2	823
0	0	0	38	3	0	0	2	6	0	6	1	411
0	0	0	39	1	0	0	2	7	0	7	1	413
0	0	0	40	31	0	0	2	8	1	0	1	415
0	0	0	41	29	0	0	2	9	1	1	1	417
0	0	0	42	27	0	0	2	10	1	2	1	419
0	0	0	43	25	0	0	2	11	1	3	0	188
0	0	0	44	23	0	0	2	12	1	4	0	186
0	0	0	45	21	0	0	2	13	1	5	0	184
0	0	0	46	19	0	0	2	14	1	6	0	182
0	0	0	47	17	0	0	2	15	1	7	0	180
0	0	0	48	47	0	0	3	0	0	0	2	801
0	0	0	49	45	0	0	3	1	0	1	2	803
0	0	0	50	43	0	0	3	2	0	2	2	805
0	0	0	51	41	0	0	3	3	0	3	2	807
0	0	0	52	39	0	0	3	4	0	4	2	809
0	0	0	53	37	0	0	3	5	0	5	2	811
0	0	0	54	35	0	0	3	6	0	6	1	401
0	0	0	55	33	0	0	3	7	0	7	1	403
0	0	0	56	63	0	0	3	8	1	0	1	405
0	0	0	57	61	0	0	3	9	1	1	1	407
0	0	0	58	59	0	0	3	10	1	2	1	409
0	0	0	59	57	0	0	3	11	1	3	0	198
0	0	0	60	55	0	0	3	12	1	4	0	196
0	0	0	61	53	0	0	3	13	1	5	0	194
0	0	0	62	51	0	0	3	14	1	6	0	192
0	0	0	63	49	0	0	3	15	1	7	0	190
0	0	0	64	78	0	0	4	0	0	0	0	171
0	0	0	65	76	0	0	4	1	0	1	0	173
0	0	0	66	74	0	0	4	2	0	2	0	175
0	0	0	67	72	0	0	4	3	0	3	0	177
0	0	0	68	70	0	0	4	4	0	4	0	179
0	0	0	69	68	0	0	4	5	0	5	1	428
0	0	0	70	66	0	0	4	6	0	6	1	426
0	0	0	71	64	0	0	4	7	0	7	1	424
0	0	0	72	94	0	0	4	8	1	0	1	422
0	0	0	73	92	0	0	4	9	1	1	1	420
0	0	0	74	90	0	0	4	10	1	2	2	834
0	0	0	75	88	0	0	4	11	1	3	2	832
0	0	0	76	86	0	0	4	12	1	4	2	830
0	0	0	77	84	0	0	4	13	1	5	2	828
0	0	0	78	82	0	0	4	14	1	6	2	826
0	0	0	79	80	0	0	4	15	1	7	2	824
0	0	0	80	110	0	0	5	0	0	0	0	161
0	0	0	81	108	0	0	5	1	0	1	0	163
0	0	0	82	106	0	0	5	2	0	2	0	165
0	0	0	83	104	0	0	5	3	0	3	0	167
0	0	0	84	102	0	0	5	4	0	4	0	169
0	0	0	85	100	0	0	5	5	0	5	1	438
0	0	0	86	98	0	0	5	6	0	6	1	436
0	0	0	87	96	0	0	5	7	0	7	1	434
0	0	0	88	126	0	0	5	8	1	0	1	432
0	0	0	89	124	0	0	5	9	1	1	1	430
0	0	0	90	122	0	0	5	10	1	2	2	846
0	0	0	91	120	0	0	5	11	1	3	2	844
0	0	0	92	118	0	0	5	12	1	4	2	842
0	0	0	93	116	0	0	5	13	1	5	2	840
0	0	0	94	114	0	0	5	14	1	6	2	838
0	0	0	95	112	0	0	5	15	1	7	2	836
0	0	0	96	79	0	0	6	0	0	0	2	825
0	0	0	97	77	0	0	6	1	0	1	2	827
0	0	0	98	75	0	0	6	2	0	2	2	829
0	0	0	99	73	0	0	6	3	0	3	2	831
0	0	0	100	71	0	0	6	4	0	4	2	833
0	0	0	101	69	0	0	6	5	0	5	2	835
0	0	0	102	67	0	0	6	6	0	6	1	421
0	0	0	103	65	0	0	6	7	0	7	1	423
0	0	0	104	95	0	0	6	8	1	0	1	425
0	0	0	105	93	0	0	6	9	1	1	1	427
0	0	0	106	91	0	0	6	10	1	2	1	429
0	0	0	107	89	0	0	6	11	1	3	0	178
0	0	0	108	87	0	0	6	12	1	4	0	176
0	0	0	109	85	0	0	6	13	1	5	0	174
0	0	0	110	83	0	0	6	14	1	6	0	172
0	0	0	111	81	0	0	6	15	1	7	0	170
0	0	0	112	111	0	0	7	0	0	0	2	837
0	0	0	113	109	0	0	7	1	0	1	2	839
0	0	0	114	107	0	0	7	2	0	2	2	841
0	0	0	115	105	0	0	7	3	0	3	2	843
0	0	0	116	103	0	0	7	4	0	4	2	845
0	0	0	117	101	0	0	7	5	0	5	2	847
0	0	0	118	99	0	0	7	6	0	6	1	431
0	0	0	119	97	0	0	7	7	0	7	1	433
0	0	0	120	127	0	0	7	8	1	0	1	435
0	0	0	121	125	0	0	7	9	1	1	1	437
0	0	0	122	123	0	0	7	10	1	2	1	439
0	0	0	123	121	0	0	7	11	1	3	0	168
0	0	0	124	119	0	0	7	12	1	4	0	166
0	0	0	125	117	0	0	7	13	1	5	0	164
0	0	0	126	115	0	0	7	14	1	6	0	162
0	0	0	127	113	0	0	7	15	1	7	0	160
0	2	1	0	14	2	1	0	0	0	0	0	141
0	2	1	1	12	2	1	0	1	0	1	0	143
0	2	1	2	10	2	1	0	2	0	2	0	145
0	2	1	3	8	2	1	0	3	0	3	0	147
0	2	1	4	6	2	1	0	4	0	4	0	149
0	2	1	5	4	2	1	0	5	0	5	1	458
0	2	1	6	2	2	1	0	6	0	6	1	456
0	2	1	7	0	2	1	0	7	0	7	1	454
0	2	1	8	30	2	1	0	8	1	0	1	452
0	2	1	9	28	2	1	0	9	1	1	1	450
0	2	1	10	26	2	1	0	10	1	2	2	870
0	2	1	11	24	2	1	0	11	1	3	2	868
0	2	1	12	22	2	1	0	12	1	4	2	866
0	2	1	13	20	2	1	0	13	1	5	2	864
0	2	1	14	18	2	1	0	14	1	6	2	862
0	2	1	15	16	2	1	0	15	1	7	2	860
0	2	1	16	46	2	1	1	0	0	0	0	151
0	2	1	17	44	2	1	1	1	0	1	0	153
0	2	1	18	42	2	1	1	2	0	2	0	155
0	2	1	19	40	2	1	1	3	0	3	0	157
0	2	1	20	38	2	1	1	4	0	4	0	159
0	2	1	21	36	2	1	1	5	0	5	1	448
0	2	1	22	34	2	1	1	6	0	6	1	446
0	2	1	23	32	2	1	1	7	0	7	1	444
0	2	1	24	62	2	1	1	8	1	0	1	442
0	2	1	25	60	2	1	1	9	1	1	1	440
0	2	1	26	58	2	1	1	10	1	2	2	858
0	2	1	27	56	2	1	1	11	1	3	2	856
0	2	1	28	54	2	1	1	12	1	4	2	854
0	2	1	29	52	2	1	1	13	1	5	2	852
0	2	1	30	50	2	1	1	14	1	6	2	850
0	2	1	31	48	2	1	1	15	1	7	2	848
0	2	1	32	15	2	1	2	0	0	0	2	861
0	2	1	33	13	2	1	2	1	0	1	2	863
0	2	1	34	11	2	1	2	2	0	2	2	865
0	2	1	35	9	2	1	2	3	0	3	2	867
0	2	1	36	7	2	1	2	4	0	4	2	869
0	2	1	37	5	2	1	2	5	0	5	2	871
0	2	1	38	3	2	1	2	6	0	6	1	451
0	2	1	39	1	2	1	2	7	0	7	1	453
0	2	1	40	31	2	1	2	8	1	0	1	455
0	2	1	41	29	2	1	2	9	1	1	1	457
0	2	1	42	27	2	1	2	10	1	2	1	459
0	2	1	43	25	2	1	2	11	1	3	0	148
0	2	1	44	23	2	1	2	12	1	4	0	146
0	2	1	45	21	2	1	2	13	1	5	0	144
0	2	1	46	19	2	1	2	14	1	6	0	142
0	2	1	47	17	2	1	2	15	1	7	0	140
0	2	1	48	47	2	1	3	0	0	0	2	849
0	2	1	49	45	2	1	3	1	0	1	2	851
0	2	1	50	43	2	1	3	2	0	2	2	853
0	2	1	51	41	2	1	3	3	0	3	2	855
0	2	1	52	39	2	1	3	4	0	4	2	857
0	2	1	53	37	2	1	3	5	0	5	2	859
0	2	1	54	35	2	1	3	6	0	6	1	441
0	2	1	55	33	2	1	3	7	0	7	1	443
0	2	1	56	63	2	1	3	8	1	0	1	445
0	2	1	57	61	2	1	3	9	1	1	1	447
0	2	1	58	59	2	1	3	10	1	2	1	449
0	2	1	59	57	2	1	3	11	1	3	0	158
0	2	1	60	55	2	1	3	12	1	4	0	156
0	2	1	61	53	2	1	3	13	1	5	0	154
0	2	1	62	51	2	1	3	14	1	6	0	152
0	2	1	63	49	2	1	3	15	1	7	0	150
0	2	1	64	78	2	1	4	0	0	0	0	131
0	2	1	65	76	2	1	4	1	0	1	0	133
0	2	1	66	74	2	1	4	2	0	2	0	135
0	2	1	67	72	2	1	4	3	0	3	0	137
0	2	1	68	70	2	1	4	4	0	4	0	139
0	2	1	69	68	2	1	4	5	0	5	1	468
0	2	1	70	66	2	1	4	6	0	6	1	466
0	2	1	71	64	2	1	4	7	0	7	1	464
0	2	1	72	94	2	1	4	8	1	0	1	462
0	2	1	73	92	2	1	4	9	1	1	1	460
0	2	1	74	90	2	1	4	10	1	2	2	882
0	2	1	75	88	2	1	4	11	1	3	2	880
0	2	1	76	86	2	1	4	12	1	4	2	878
0	2	1	77	84	2	1	4	13	1	5	2	876
0	2	1	78	82	2	1	4	14	1	6	2	874
0	2	1	79	80	2	1	4	15	1	7	2	872
0	2	1	80	110	2	1	5	0	0	0	0	121
0	2	1	81	108	2	1	5	1	0	1	0	123
0	2	1	82	106	2	1	5	2	0	2	0	125
0	2	1	83	104	2	1	5	3	0	3	0	127
0	2	1	84	102	2	1	5	4	0	4	0	129
0	2	1	85	100	2	1	5	5	0	5	1	478
0	2	1	86	98	2	1	5	6	0	6	1	476
0	2	1	87	96	2	1	5	7	0	7	1	474
0	2	1	88	126	2	1	5	8	1	0	1	472
0	2	1	89	124	2	1	5	9	1	1	1	470
0	2	1	90	122	2	1	5	10	1	2	2	894
0	2	1	91	120	2	1	5	11	1	3	2	892
0	2	1	92	118	2	1	5	12	1	4	2	890
0	2	1	93	116	2	1	5	13	1	5	2	888
0	2	1	94	114	2	1	5	14	1	6	2	886
0	2	1	95	112	2	1	5	15	1	7	2	884
0	2	1	96	79	2	1	6	0	0	0	2	873
0	2	1	97	77	2	1	6	1	0	1	2	875
0	2	1	98	75	2	1	6	2	0	2	2	877
0	2	1	99	73	2	1	6	3	0	3	2	879
0	2	1	100	71	2	1	6	4	0	4	2	881
0	2	1	101	69	2	1	6	5	0	5	2	883
0	2	1	102	67	2	1	6	6	0	6	1	461
0	2	1	103	65	2	1	6	7	0	7	1	463
0	2	1	104	95	2	1	6	8	1	0	1	465
0	2	1	105	93	2	1	6	9	1	1	1	467
0	2	1	106	91	2	1	6	10	1	2	1	469
0	2	1	107	89	2	1	6	11	1	3	0	138
0	2	1	108	87	2	1	6	12	1	4	0	136
0	2	1	109	85	2	1	6	13	1	5	0	134
0	2	1	110	83	2	1	6	14	1	6	0	132
0	2	1	111	81	2	1	6	15	1	7	0	130
0	2	1	112	111	2	1	7	0	0	0	2	885
0	2	1	113	109	2	1	7	1	0	1	2	887
0	2	1	114	107	2	1	7	2	0	2	2	889
0	2	1	115	105	2	1	7	3	0	3	2	891
0	2	1	116	103	2	1	7	4	0	4	2	893
0	2	1	117	101	2	1	7	5	0	5	2	895
0	2	1	118	99	2	1	7	6	0	6	1	471
0	2	1	119	97	2	1	7	7	0	7	1	473
0	2	1	120	127	2	1	7	8	1	0	1	475
0	2	1	121	125	2	1	7	9	1	1	1	477
0	2	1	122	123	2	1	7	10	1	2	1	479
0	2	1	123	121	2	1	7	11	1	3	0	128
0	2	1	124	119	2	1	7	12	1	4	0	126
0	2	1	125	117	2	1	7	13	1	5	0	124
0	2	1	126	115	2	1	7	14	1	6	0	122
0	2	1	127	113	2	1	7	15	1	7	0	120
0	1	1	0	14	1	2	0	0	0	0	0	101
0	1	1	1	12	1	2	0	1	0	1	0	103
0	1	1	2	10	1	2	0	2	0	2	0	105
0	1	1	3	8	1	2	0	3	0	3	0	107
0	1	1	4	6	1	2	0	4	0	4	0	109
0	1	1	5	4	1	2	0	5	0	5	1	498
0	1	1	6	2	1	2	0	6	0	6	1	496
0	1	1	7	0	1	2	0	7	0	7	1	494
0	1	1	8	30	1	2	0	8	1	0	1	492
0	1	1	9	28	1	2	0	9	1	1	1	490
0	1	1	10	26	1	2	0	10	1	2	2	918
0	1	1	11	24	1	2	0	11	1	3	2	916
0	1	1	12	22	1	2	0	12	1	4	2	914
0	1	1	13	20	1	2	0	13	1	5	2	912
0	1	1	14	18	1	2	0	14	1	6	2	910
0	1	1	15	16	1	2	0	15	1	7	2	908
0	1	1	16	46	1	2	1	0	0	0	0	111
0	1	1	17	44	1	2	1	1	0	1	0	113
0	1	1	18	42	1	2	1	2	0	2	0	115
0	1	1	19	40	1	2	1	3	0	3	0	117
0	1	1	20	38	1	2	1	4	0	4	0	119
0	1	1	21	36	1	2	1	5	0	5	1	488
0	1	1	22	34	1	2	1	6	0	6	1	486
0	1	1	23	32	1	2	1	7	0	7	1	484
0	1	1	24	62	1	2	1	8	1	0	1	482
0	1	1	25	60	1	2	1	9	1	1	1	480
0	1	1	26	58	1	2	1	10	1	2	2	906
0	1	1	27	56	1	2	1	11	1	3	2	904
0	1	1	28	54	1	2	1	12	1	4	2	902
0	1	1	29	52	1	2	1	13	1	5	2	900
0	1	1	30	50	1	2	1	14	1	6	2	898
0	1	1	31	48	1	2	1	15	1	7	2	896
0	1	1	32	15	1	2	2	0	0	0	2	909
0	1	1	33	13	1	2	2	1	0	1	2	911
0	1	1	34	11	1	2	2	2	0	2	2	913
0	1	1	35	9	1	2	2	3	0	3	2	915
0	1	1	36	7	1	2	2	4	0	4	2	917
0	1	1	37	5	1	2	2	5	0	5	2	919
0	1	1	38	3	1	2	2	6	0	6	1	491
0	1	1	39	1	1	2	2	7	0	7	1	493
0	1	1	40	31	1	2	2	8	1	0	1	495
0	1	1	41	29	1	2	2	9	1	1	1	497
0	1	1	42	27	1	2	2	10	1	2	1	499
0	1	1	43	25	1	2	2	11	1	3	0	108
0	1	1	44	23	1	2	2	12	1	4	0	106
0	1	1	45	21	1	2	2	13	1	5	0	104
0	1	1	46	19	1	2	2	14	1	6	0	102
0	1	1	47	17	1	2	2	15	1	7	0	100
0	1	1	48	47	1	2	3	0	0	0	2	897
0	1	1	49	45	1	2	3	1	0	1	2	899
0	1	1	50	43	1	2	3	2	0	2	2	901
0	1	1	51	41	1	2	3	3	0	3	2	903
0	1	1	52	39	1	2	3	4	0	4	2	905
0	1	1	53	37	1	2	3	5	0	5	2	907
0	1	1	54	35	1	2	3	6	0	6	1	481
0	1	1	55	33	1	2	3	7	0	7	1	483
0	1	1	56	63	1	2	3	8	1	0	1	485
0	1	1	57	61	1	2	3	9	1	1	1	487
0	1	1	58	59	1	2	3	10	1	2	1	489
0	1	1	59	57	1	2	3	11	1	3	0	118
0	1	1	60	55	1	2	3	12	1	4	0	116
0	1	1	61	53	1	2	3	13	1	5	0	114
0	1	1	62	51	1	2	3	14	1	6	0	112
0	1	1	63	49	1	2	3	15	1	7	0	110
0	1	1	64	78	1	2	4	0	0	0	0	91
0	1	1	65	76	1	2	4	1	0	1	0	93
0	1	1	66	74	1	2	4	2	0	2	0	95
0	1	1	67	72	1	2	4	3	0	3	0	97
0	1	1	68	70	1	2	4	4	0	4	0	99
0	1	1	69	68	1	2	4	5	0	5	1	508
0	1	1	70	66	1	2	4	6	0	6	1	506
0	1	1	71	64	1	2	4	7	0	7	1	504
0	1	1	72	94	1	2	4	8	1	0	1	502
0	1	1	73	92	1	2	4	9	1	1	1	500
0	1	1	74	90	1	2	4	10	1	2	2	930
0	1	1	75	88	1	2	4	11	1	3	2	928
0	1	1	76	86	1	2	4	12	1	4	2	926
0	1	1	77	84	1	2	4	13	1	5	2	924
0	1	1	78	82	1	2	4	14	1	6	2	922
0	1	1	79	80	1	2	4	15	1	7	2	920
0	1	1	80	110	1	2	5	0	0	0	0	81
0	1	1	81	108	1	2	5	1	0	1	0	83
0	1	1	82	106	1	2	5	2	0	2	0	85
0	1	1	83	104	1	2	5	3	0	3	0	87
0	1	1	84	102	1	2	5	4	0	4	0	89
0	1	1	85	100	1	2	5	5	0	5	1	518
0	1	1	86	98	1	2	5	6	0	6	1	516
0	1	1	87	96	1	2	5	7	0	7	1	514
0	1	1	88	126	1	2	5	8	1	0	1	512
0	1	1	89	124	1	2	5	9	1	1	1	510
0	1	1	90	122	1	2	5	10	1	2	2	942
0	1	1	91	120	1	2	5	11	1	3	2	940
0	1	1	92	118	1	2	5	12	1	4	2	938
0	1	1	93	116	1	2	5	13	1	5	2	936
0	1	1	94	114	1	2	5	14	1	6	2	934
0	1	1	95	112	1	2	5	15	1	7	2	932
0	1	1	96	79	1	2	6	0	0	0	2	921
0	1	1	97	77	1	2	6	1	0	1	2	923
0	1	1	98	75	1	2	6	2	0	2	2	925
0	1	1	99	73	1	2	6	3	0	3	2	927
0	1	1	100	71	1	2	6	4	0	4	2	929
0	1	1	101	69	1	2	6	5	0	5	2	931
0	1	1	102	67	1	2	6	6	0	6	1	501
0	1	1	103	65	1	2	6	7	0	7	1	503
0	1	1	104	95	1	2	6	8	1	0	1	505
0	1	1	105	93	1	2	6	9	1	1	1	507
0	1	1	106	91	1	2	6	10	1	2	1	509
0	1	1	107	89	1	2	6	11	1	3	0	98
0	1	1	108	87	1	2	6	12	1	4	0	96
0	1	1	109	85	1	2	6	13	1	5	0	94
0	1	1	110	83	1	2	6	14	1	6	0	92
0	1	1	111	81	1	2	6	15	1	7	0	90
0	1	1	112	111	1	2	7	0	0	0	2	933
0	1	1	113	109	1	2	7	1	0	1	2	935
0	1	1	114	107	1	2	7	2	0	2	2	937
0	1	1	115	105	1	2	7	3	0	3	2	939
0	1	1	116	103	1	2	7	4	0	4	2	941
0	1	1	117	101	1	2	7	5	0	5	2	943
0	1	1	118	99	1	2	7	6	0	6	1	511
0	1	1	119	97	1	2	7	7	0	7	1	513
0	1	1	120	127	1	2	7	8	1	0	1	515
0	1	1	121	125	1	2	7	9	1	1	1	517
0	1	1	122	123	1	2	7	10	1	2	1	519
0	1	1	123	121	1	2	7	11	1	3	0	88
0	1	1	124	119	1	2	7	12	1	4	0	86
0	1	1	125	117	1	2	7	13	1	5	0	84
0	1	1	126	115	1	2	7	14	1	6	0	82
0	1	1	127	113	1	2	7	15	1	7	0	80
0	0	1	0	14	0	3	0	0	0	0	0	61
0	0	1	1	12	0	3	0	1	0	1	0	63
0	0	1	2	10	0	3	0	2	0	2	0	65
0	0	1	3	8	0	3	0	3	0	3	0	67
0	0	1	4	6	0	3	0	4	0	4	0	69
0	0	1	5	4	0	3	0	5	0	5	1	538
0	0	1	6	2	0	3	0	6	0	6	1	536
0	0	1	7	0	0	3	0	7	0	7	1	534
0	0	1	8	30	0	3	0	8	1	0	1	532
0	0	1	9	28	0	3	0	9	1	1	1	530
0	0	1	10	26	0	3	0	10	1	2	2	966
0	0	1	11	24	0	3	0	11	1	3	2	964
0	0	1	12	22	0	3	0	12	1	4	2	962
0	0	1	13	20	0	3	0	13	1	5	2	960
0	0	1	14	18	0	3	0	14	1	6	2	958
0	0	1	15	16	0	3	0	15	1	7	2	956
0	0	1	16	46	0	3	1	0	0	0	0	71
0	0	1	17	44	0	3	1	1	0	1	0	73
0	0	1	18	42	0	3	1	2	0	2	0	75
0	0	1	19	40	0	3	1	3	0	3	0	77
0	0	1	20	38	0	3	1	4	0	4	0	79
0	0	1	21	36	0	3	1	5	0	5	1	528
0	0	1	22	34	0	3	1	6	0	6	1	526
0	0	1	23	32	0	3	1	7	0	7	1	524
0	0	1	24	62	0	3	1	8	1	0	1	522
0	0	1	25	60	0	3	1	9	1	1	1	520
0	0	1	26	58	0	3	1	10	1	2	2	954
0	0	1	27	56	0	3	1	11	1	3	2	952
0	0	1	28	54	0	3	1	12	1	4	2	950
0	0	1	29	52	0	3	1	13	1	5	2	948
0	0	1	30	50	0	3	1	14	1	6	2	946
0	0	1	31	48	0	3	1	15	1	7	2	944
0	0	1	32	15	0	3	2	0	0	0	2	957
0	0	1	33	13	0	3	2	1	0	1	2	959
0	0	1	34	11	0	3	2	2	0	2	2	961
0	0	1	35	9	0	3	2	3	0	3	2	963
0	0	1	36	7	0	3	2	4	0	4	2	965
0	0	1	37	5	0	3	2	5	0	5	2	967
0	0	1	38	3	0	3	2	6	0	6	1	531
0	0	1	39	1	0	3	2	7	0	7	1	533
0	0	1	40	31	0	3	2	8	1	0	1	535
0	0	1	41	29	0	3	2	9	1	1	1	537
0	0	1	42	27	0	3	2	10	1	2	1	539
0	0	1	43	25	0	3	2	11	1	3	0	68
0	0	1	44	23	0	3	2	12	1	4	0	66
0	0	1	45	21	0	3	2	13	1	5	0	64
0	0	1	46	19	0	3	2	14	1	6	0	62
0	0	1	47	17	0	3	2	15	1	7	0	60
0	0	1	48	47	0	3	3	0	0	0	2	945
0	0	1	49	45	0	3	3	1	0	1	2	947
0	0	1	50	43	0	3	3	2	0	2	2	949
0	0	1	51	41	0	3	3	3	0	3	2	951
0	0	1	52	39	0	3	3	4	0	4	2	953
0	0	1	53	37	0	3	3	5	0	5	2	955
0	0	1	54	35	0	3	3	6	0	6	1	521
0	0	1	55	33	0	3	3	7	0	7	1	523
0	0	1	56	63	0	3	3	8	1	0	1	525
0	0	1	57	61	0	3	3	9	1	1	1	527
0	0	1	58	59	0	3	3	10	1	2	1	529
0	0	1	59	57	0	3	3	11	1	3	0	78
0	0	1	60	55	0	3	3	12	1	4	0	76
0	0	1	61	53	0	3	3	13	1	5	0	74
0	0	1	62	51	0	3	3	14	1	6	0	72
0	0	1	63	49	0	3	3	15	1	7	0	70
0	0	1	64	78	0	3	4	0	0	0	0	51
0	0	1	65	76	0	3	4	1	0	1	0	53
0	0	1	66	74	0	3	4	2	0	2	0	55
0	0	1	67	72	0	3	4	3	0	3	0	57
0	0	1	68	70	0	3	4	4	0	4	0	59
0	0	1	69	68	0	3	4	5	0	5	1	548
0	0	1	70	66	0	3	4	6	0	6	1	546
0	0	1	71	64	0	3	4	7	0	7	1	544
0	0	1	72	94	0	3	4	8	1	0	1	542
0	0	1	73	92	0	3	4	9	1	1	1	540
0	0	1	74	90	0	3	4	10	1	2	2	978
0	0	1	75	88	0	3	4	11	1	3	2	976
0	0	1	76	86	0	3	4	12	1	4	2	974
0	0	1	77	84	0	3	4	13	1	5	2	972
0	0	1	78	82	0	3	4	14	1	6	2	970
0	0	1	79	80	0	3	4	15	1	7	2	968
0	0	1	80	110	0	3	5	0	0	0	0	41
0	0	1	81	108	0	3	5	1	0	1	0	43
0	0	1	82	106	0	3	5	2	0	2	0	45
0	0	1	83	104	0	3	5	3	0	3	0	47
0	0	1	84	102	0	3	5	4	0	4	0	49
0	0	1	85	100	0	3	5	5	0	5	1	558
0	0	1	86	98	0	3	5	6	0	6	1	556
0	0	1	87	96	0	3	5	7	0	7	1	554
0	0	1	88	126	0	3	5	8	1	0	1	552
0	0	1	89	124	0	3	5	9	1	1	1	550
0	0	1	90	122	0	3	5	10	1	2	2	990
0	0	1	91	120	0	3	5	11	1	3	2	988
0	0	1	92	118	0	3	5	12	1	4	2	986
0	0	1	93	116	0	3	5	13	1	5	2	984
0	0	1	94	114	0	3	5	14	1	6	2	982
0	0	1	95	112	0	3	5	15	1	7	2	980
0	0	1	96	79	0	3	6	0	0	0	2	969
0	0	1	97	77	0	3	6	1	0	1	2	971
0	0	1	98	75	0	3	6	2	0	2	2	973
0	0	1	99	73	0	3	6	3	0	3	2	975
0	0	1	100	71	0	3	6	4	0	4	2	977
0	0	1	101	69	0	3	6	5	0	5	2	979
0	0	1	102	67	0	3	6	6	0	6	1	541
0	0	1	103	65	0	3	6	7	0	7	1	543
0	0	1	104	95	0	3	6	8	1	0	1	545
0	0	1	105	93	0	3	6	9	1	1	1	547
0	0	1	106	91	0	3	6	10	1	2	1	549
0	0	1	107	89	0	3	6	11	1	3	0	58
0	0	1	108	87	0	3	6	12	1	4	0	56
0	0	1	109	85	0	3	6	13	1	5	0	54
0	0	1	110	83	0	3	6	14	1	6	0	52
0	0	1	111	81	0	3	6	15	1	7	0	50
0	0	1	112	111	0	3	7	0	0	0	2	981
0	0	1	113	109	0	3	7	1	0	1	2	983
0	0	1	114	107	0	3	7	2	0	2	2	985
0	0	1	115	105	0	3	7	3	0	3	2	987
0	0	1	116	103	0	3	7	4	0	4	2	989
0	0	1	117	101	0	3	7	5	0	5	2	991
0	0	1	118	99	0	3	7	6	0	6	1	551
0	0	1	119	97	0	3	7	7	0	7	1	553
0	0	1	120	127	0	3	7	8	1	0	1	555
0	0	1	121	125	0	3	7	9	1	1	1	557
0	0	1	122	123	0	3	7	10	1	2	1	559
0	0	1	123	121	0	3	7	11	1	3	0	48
0	0	1	124	119	0	3	7	12	1	4	0	46
0	0	1	125	117	0	3	7	13	1	5	0	44
0	0	1	126	115	0	3	7	14	1	6	0	42
0	0	1	127	113	0	3	7	15	1	7	0	40
0	2	2	0	14	2	4	0	0	0	0	0	21
0	2	2	1	12	2	4	0	1	0	1	0	23
0	2	2	2	10	2	4	0	2	0	2	0	25
0	2	2	3	8	2	4	0	3	0	3	0	27
0	2	2	4	6	2	4	0	4	0	4	0	29
0	2	2	5	4	2	4	0	5	0	5	1	578
0	2	2	6	2	2	4	0	6	0	6	1	576
0	2	2	7	0	2	4	0	7	0	7	1	574
0	2	2	8	30	2	4	0	8	1	0	1	572
0	2	2	9	28	2	4	0	9	1	1	1	570
0	2	2	10	26	2	4	0	10	1	2	2	1014
0	2	2	11	24	2	4	0	11	1	3	2	1012
0	2	2	12	22	2	4	0	12	1	4	2	1010
0	2	2	13	20	2	4	0	13	1	5	2	1008
0	2	2	14	18	2	4	0	14	1	6	2	1006
0	2	2	15	16	2	4	0	15	1	7	2	1004
0	2	2	16	46	2	4	1	0	0	0	0	31
0	2	2	17	44	2	4	1	1	0	1	0	33
0	2	2	18	42	2	4	1	2	0	2	0	35
0	2	2	19	40	2	4	1	3	0	3	0	37
0	2	2	20	38	2	4	1	4	0	4	0	39
0	2	2	21	36	2	4	1	5	0	5	1	568
0	2	2	22	34	2	4	1	6	0	6	1	566
0	2	2	23	32	2	4	1	7	0	7	1	564
0	2	2	24	62	2	4	1	8	1	0	1	562
0	2	2	25	60	2	4	1	9	1	1	1	560
0	2	2	26	58	2	4	1	10	1	2	2	1002
0	2	2	27	56	2	4	1	11	1	3	2	1000
0	2	2	28	54	2	4	1	12	1	4	2	998
0	2	2	29	52	2	4	1	13	1	5	2	996
0	2	2	30	50	2	4	1	14	1	6	2	994
0	2	2	31	48	2	4	1	15	1	7	2	992
0	2	2	32	15	2	4	2	0	0	0	2	1005
0	2	2	33	13	2	4	2	1	0	1	2	1007
0	2	2	34	11	2	4	2	2	0	2	2	1009
0	2	2	35	9	2	4	2	3	0	3	2	1011
0	2	2	36	7	2	4	2	4	0	4	2	1013
0	2	2	37	5	2	4	2	5	0	5	2	1015
0	2	2	38	3	2	4	2	6	0	6	1	571
0	2	2	39	1	2	4	2	7	0	7	1	573
0	2	2	40	31	2	4	2	8	1	0	1	575
0	2	2	41	29	2	4	2	9	1	1	1	577
0	2	2	42	27	2	4	2	10	1	2	1	579
0	2	2	43	25	2	4	2	11	1	3	0	28
0	2	2	44	23	2	4	2	12	1	4	0	26
0	2	2	45	21	2	4	2	13	1	5	0	24
0	2	2	46	19	2	4	2	14	1	6	0	22
0	2	2	47	17	2	4	2	15	1	7	0	20
0	2	2	48	47	2	4	3	0	0	0	2	993
0	2	2	49	45	2	4	3	1	0	1	2	995
0	2	2	50	43	2	4	3	2	0	2	2	997
0	2	2	51	41	2	4	3	3	0	3	2	999
0	2	2	52	39	2	4	3	4	0	4	2	1001
0	2	2	53	37	2	4	3	5	0	5	2	1003
0	2	2	54	35	2	4	3	6	0	6	1	561
0	2	2	55	33	2	4	3	7	0	7	1	563
0	2	2	56	63	2	4	3	8	1	0	1	565
0	2	2	57	61	2	4	3	9	1	1	1	567
0	2	2	58	59	2	4	3	10	1	2	1	569
0	2	2	59	57	2	4	3	11	1	3	0	38
0	2	2	60	55	2	4	3	12	1	4	0	36
0	2	2	61	53	2	4	3	13	1	5	0	34
0	2	2	62	51	2	4	3	14	1	6	0	32
0	2	2	63	49	2	4	3	15	1	7	0	30
0	2	2	64	78	2	4	4	0	0	0	0	11
0	2	2	65	76	2	4	4	1	0	1	0	13
0	2	2	66	74	2	4	4	2	0	2	0	15
0	2	2	67	72	2	4	4	3	0	3	0	17
0	2	2	68	70	2	4	4	4	0	4	0	19
0	2	2	69	68	2	4	4	5	0	5	1	588
0	2	2	70	66	2	4	4	6	0	6	1	586
0	2	2	71	64	2	4	4	7	0	7	1	584
0	2	2	72	94	2	4	4	8	1	0	1	582
0	2	2	73	92	2	4	4	9	1	1	1	580
0	2	2	74	90	2	4	4	10	1	2	2	1026
0	2	2	75	88	2	4	4	11	1	3	2	1024
0	2	2	76	86	2	4	4	12	1	4	2	1022
0	2	2	77	84	2	4	4	13	1	5	2	1020
0	2	2	78	82	2	4	4	14	1	6	2	1018
0	2	2	79	80	2	4	4	15	1	7	2	1016
0	2	2	80	110	2	4	5	0	0	0	0	1
0	2	2	81	108	2	4	5	1	0	1	0	3
0	2	2	82	106	2	4	5	2	0	2	0	5
0	2	2	83	104	2	4	5	3	0	3	0	7
0	2	2	84	102	2	4	5	4	0	4	0	9
0	2	2	85	100	2	4	5	5	0	5	1	598
0	2	2	86	98	2	4	5	6	0	6	1	596
0	2	2	87	96	2	4	5	7	0	7	1	594
0	2	2	88	126	2	4	5	8	1	0	1	592
0	2	2	89	124	2	4	5	9	1	1	1	590
0	2	2	90	122	2	4	5	10	1	2	2	1038
0	2	2	91	120	2	4	5	11	1	3	2	1036
0	2	2	92	118	2	4	5	12	1	4	2	1034
0	2	2	93	116	2	4	5	13	1	5	2	1032
0	2	2	94	114	2	4	5	14	1	6	2	1030
0	2	2	95	112	2	4	5	15	1	7	2	1028
0	2	2	96	79	2	4	6	0	0	0	2	1017
0	2	2	97	77	2	4	6	1	0	1	2	1019
0	2	2	98	75	2	4	6	2	0	2	2	1021
0	2	2	99	73	2	4	6	3	0	3	2	1023
0	2	2	100	71	2	4	6	4	0	4	2	1025
0	2	2	101	69	2	4	6	5	0	5	2	1027
0	2	2	102	67	2	4	6	6	0	6	1	581
0	2	2	103	65	2	4	6	7	0	7	1	583
0	2	2	104	95	2	4	6	8	1	0	1	585
0	2	2	105	93	2	4	6	9	1	1	1	587
0	2	2	106	91	2	4	6	10	1	2	1	589
0	2	2	107	89	2	4	6	11	1	3	0	18
0	2	2	108	87	2	4	6	12	1	4	0	16
0	2	2	109	85	2	4	6	13	1	5	0	14
0	2	2	110	83	2	4	6	14	1	6	0	12
0	2	2	111	81	2	4	6	15	1	7	0	10
0	2	2	112	111	2	4	7	0	0	0	2	1029
0	2	2	113	109	2	4	7	1	0	1	2	1031
0	2	2	114	107	2	4	7	2	0	2	2	1033
0	2	2	115	105	2	4	7	3	0	3	2	1035
0	2	2	116	103	2	4	7	4	0	4	2	1037
0	2	2	117	101	2	4	7	5	0	5	2	1039
0	2	2	118	99	2	4	7	6	0	6	1	591
0	2	2	119	97	2	4	7	7	0	7	1	593
0	2	2	120	127	2	4	7	8	1	0	1	595
0	2	2	121	125	2	4	7	9	1	1	1	597
0	2	2	122	123	2	4	7	10	1	2	1	599
0	2	2	123	121	2	4	7	11	1	3	0	8
0	2	2	124	119	2	4	7	12	1	4	0	6
0	2	2	125	117	2	4	7	13	1	5	0	4
0	2	2	126	115	2	4	7	14	1	6	0	2
0	2	2	127	113	2	4	7	15	1	7	0	0
0	0	3	0	14	0	5	0	0	0	0	0	381
0	0	3	1	12	0	5	0	1	0	1	0	383
0	0	3	2	10	0	5	0	2	0	2	0	385
0	0	3	3	8	0	5	0	3	0	3	0	387
0	0	3	4	6	0	5	0	4	0	4	0	389
0	0	3	5	4	0	5	0	5	0	5	1	618
0	0	3	6	2	0	5	0	6	0	6	1	616
0	0	3	7	0	0	5	0	7	0	7	1	614
0	0	3	8	30	0	5	0	8	1	0	1	612
0	0	3	9	28	0	5	0	9	1	1	1	610
0	0	3	10	26	0	5	0	10	1	2	2	1257
0	0	3	11	24	0	5	0	11	1	3	2	1259
0	0	3	12	22	0	5	0	12	1	4	2	1261
0	0	3	13	20	0	5	0	13	1	5	2	1263
0	0	3	14	18	0	5	0	14	1	6	2	1265
0	0	3	15	16	0	5	0	15	1	7	2	1267
0	0	3	16	46	0	5	1	0	0	0	0	391
0	0	3	17	44	0	5	1	1	0	1	0	393
0	0	3	18	42	0	5	1	2	0	2	0	395
0	0	3	19	40	0	5	1	3	0	3	0	397
0	0	3	20	38	0	5	1	4	0	4	0	399
0	0	3	21	36	0	5	1	5	0	5	1	608
0	0	3	22	34	0	5	1	6	0	6	1	606
0	0	3	23	32	0	5	1	7	0	7	1	604
0	0	3	24	62	0	5	1	8	1	0	1	602
0	0	3	25	60	0	5	1	9	1	1	1	600
0	0	3	26	58	0	5	1	10	1	2	2	1269
0	0	3	27	56	0	5	1	11	1	3	2	1271
0	0	3	28	54	0	5	1	12	1	4	2	1273
0	0	3	29	52	0	5	1	13	1	5	2	1275
0	0	3	30	50	0	5	1	14	1	6	2	1277
0	0	3	31	48	0	5	1	15	1	7	2	1279
0	0	3	32	15	0	5	2	0	0	0	2	1266
0	0	3	33	13	0	5	2	1	0	1	2	1264
0	0	3	34	11	0	5	2	2	0	2	2	1262
0	0	3	35	9	0	5	2	3	0	3	2	1260
0	0	3	36	7	0	5	2	4	0	4	2	1258
0	0	3	37	5	0	5	2	5	0	5	2	1256
0	0	3	38	3	0	5	2	6	0	6	1	611
0	0	3	39	1	0	5	2	7	0	7	1	613
0	0	3	40	31	0	5	2	8	1	0	1	615
0	0	3	41	29	0	5	2	9	1	1	1	617
0	0	3	42	27	0	5	2	10	1	2	1	619
0	0	3	43	25	0	5	2	11	1	3	0	388
0	0	3	44	23	0	5	2	12	1	4	0	386
0	0	3	45	21	0	5	2	13	1	5	0	384
0	0	3	46	19	0	5	2	14	1	6	0	382
0	0	3	47	17	0	5	2	15	1	7	0	380
0	0	3	48	47	0	5	3	0	0	0	2	1278
0	0	3	49	45	0	5	3	1	0	1	2	1276
0	0	3	50	43	0	5	3	2	0	2	2	1274
0	0	3	51	41	0	5	3	3	0	3	2	1272
0	0	3	52	39	0	5	3	4	0	4	2	1270
0	0	3	53	37	0	5	3	5	0	5	2	1268
0	0	3	54	35	0	5	3	6	0	6	1	601
0	0	3	55	33	0	5	3	7	0	7	1	603
0	0	3	56	63	0	5	3	8	1	0	1	605
0	0	3	57	61	0	5	3	9	1	1	1	607
0	0	3	58	59	0	5	3	10	1	2	1	609
0	0	3	59	57	0	5	3	11	1	3	0	398
0	0	3	60	55	0	5	3	12	1	4	0	396
0	0	3	61	53	0	5	3	13	1	5	0	394
0	0	3	62	51	0	5	3	14	1	6	0	392
0	0	3	63	49	0	5	3	15	1	7	0	390
0	0	3	64	78	0	5	4	0	0	0	0	371
0	0	3	65	76	0	5	4	1	0	1	0	373
0	0	3	66	74	0	5	4	2	0	2	0	375
0	0	3	67	72	0	5	4	3	0	3	0	377
0	0	3	68	70	0	5	4	4	0	4	0	379
0	0	3	69	68	0	5	4	5	0	5	1	628
0	0	3	70	66	0	5	4	6	0	6	1	626
0	0	3	71	64	0	5	4	7	0	7	1	624
0	0	3	72	94	0	5	4	8	1	0	1	622
0	0	3	73	92	0	5	4	9	1	1	1	620
0	0	3	74	90	0	5	4	10	1	2	2	1245
0	0	3	75	88	0	5	4	11	1	3	2	1247
0	0	3	76	86	0	5	4	12	1	4	2	1249
0	0	3	77	84	0	5	4	13	1	5	2	1251
0	0	3	78	82	0	5	4	14	1	6	2	1253
0	0	3	79	80	0	5	4	15	1	7	2	1255
0	0	3	80	110	0	5	5	0	0	0	0	361
0	0	3	81	108	0	5	5	1	0	1	0	363
0	0	3	82	106	0	5	5	2	0	2	0	365
0	0	3	83	104	0	5	5	3	0	3	0	367
0	0	3	84	102	0	5	5	4	0	4	0	369
0	0	3	85	100	0	5	5	5	0	5	1	638
0	0	3	86	98	0	5	5	6	0	6	1	636
0	0	3	87	96	0	5	5	7	0	7	1	634
0	0	3	88	126	0	5	5	8	1	0	1	632
0	0	3	89	124	0	5	5	9	1	1	1	630
0	0	3	90	122	0	5	5	10	1	2	2	1233
0	0	3	91	120	0	5	5	11	1	3	2	1235
0	0	3	92	118	0	5	5	12	1	4	2	1237
0	0	3	93	116	0	5	5	13	1	5	2	1239
0	0	3	94	114	0	5	5	14	1	6	2	1241
0	0	3	95	112	0	5	5	15	1	7	2	1243
0	0	3	96	79	0	5	6	0	0	0	2	1254
0	0	3	97	77	0	5	6	1	0	1	2	1252
0	0	3	98	75	0	5	6	2	0	2	2	1250
0	0	3	99	73	0	5	6	3	0	3	2	1248
0	0	3	100	71	0	5	6	4	0	4	2	1246
0	0	3	101	69	0	5	6	5	0	5	2	1244
0	0	3	102	67	0	5	6	6	0	6	1	621
0	0	3	103	65	0	5	6	7	0	7	1	623
0	0	3	104	95	0	5	6	8	1	0	1	625
0	0	3	105	93	0	5	6	9	1	1	1	627
0	0	3	106	91	0	5	6	10	1	2	1	629
0	0	3	107	89	0	5	6	11	1	3	0	378
0	0	3	108	87	0	5	6	12	1	4	0	376
0	0	3	109	85	0	5	6	13	1	5	0	374
0	0	3	110	83	0	5	6	14	1	6	0	372
0	0	3	111	81	0	5	6	15	1	7	0	370
0	0	3	112	111	0	5	7	0	0	0	2	1242
0	0	3	113	109	0	5	7	1	0	1	2	1240
0	0	3	114	107	0	5	7	2	0	2	2	1238
0	0	3	115	105	0	5	7	3	0	3	2	1236
0	0	3	116	103	0	5	7	4	0	4	2	1234
0	0	3	117	101	0	5	7	5	0	5	2	1232
0	0	3	118	99	0	5	7	6	0	6	1	631
0	0	3	119	97	0	5	7	7	0	7	1	633
0	0	3	120	127	0	5	7	8	1	0	1	635
0	0	3	121	125	0	5	7	9	1	1	1	637
0	0	3	122	123	0	5	7	10	1	2	1	639
0	0	3	123	121	0	5	7	11	1	3	0	368
0	0	3	124	119	0	5	7	12	1	4	0	366
0	0	3	125	117	0	5	7	13	1	5	0	364
0	0	3	126	115	0	5	7	14	1	6	0	362
0	0	3	127	113	0	5	7	15	1	7	0	360
0	1	3	0	14	1	6	0	0	0	0	0	341
0	1	3	1	12	1	6	0	1	0	1	0	343
0	1	3	2	10	1	6	0	2	0	2	0	345
0	1	3	3	8	1	6	0	3	0	3	0	347
0	1	3	4	6	1	6	0	4	0	4	0	349
0	1	3	5	4	1	6	0	5	0	5	1	658
0	1	3	6	2	1	6	0	6	0	6	1	656
0	1	3	7	0	1	6	0	7	0	7	1	654
0	1	3	8	30	1	6	0	8	1	0	1	652
0	1	3	9	28	1	6	0	9	1	1	1	650
0	1	3	10	26	1	6	0	10	1	2	2	1209
0	1	3	11	24	1	6	0	11	1	3	2	1211
0	1	3	12	22	1	6	0	12	1	4	2	1213
0	1	3	13	20	1	6	0	13	1	5	2	1215
0	1	3	14	18	1	6	0	14	1	6	2	1217
0	1	3	15	16	1	6	0	15	1	7	2	1219
0	1	3	16	46	1	6	1	0	0	0	0	351
0	1	3	17	44	1	6	1	1	0	1	0	353
0	1	3	18	42	1	6	1	2	0	2	0	355
0	1	3	19	40	1	6	1	3	0	3	0	357
0	1	3	20	38	1	6	1	4	0	4	0	359
0	1	3	21	36	1	6	1	5	0	5	1	648
0	1	3	22	34	1	6	1	6	0	6	1	646
0	1	3	23	32	1	6	1	7	0	7	1	644
0	1	3	24	62	1	6	1	8	1	0	1	642
0	1	3	25	60	1	6	1	9	1	1	1	640
0	1	3	26	58	1	6	1	10	1	2	2	1221
0	1	3	27	56	1	6	1	11	1	3	2	1223
0	1	3	28	54	1	6	1	12	1	4	2	1225
0	1	3	29	52	1	6	1	13	1	5	2	1227
0	1	3	30	50	1	6	1	14	1	6	2	1229
0	1	3	31	48	1	6	1	15	1	7	2	1231
0	1	3	32	15	1	6	2	0	0	0	2	1218
0	1	3	33	13	1	6	2	1	0	1	2	1216
0	1	3	34	11	1	6	2	2	0	2	2	1214
0	1	3	35	9	1	6	2	3	0	3	2	1212
0	1	3	36	7	1	6	2	4	0	4	2	1210
0	1	3	37	5	1	6	2	5	0	5	2	1208
0	1	3	38	3	1	6	2	6	0	6	1	651
0	1	3	39	1	1	6	2	7	0	7	1	653
0	1	3	40	31	1	6	2	8	1	0	1	655
0	1	3	41	29	1	6	2	9	1	1	1	657
0	1	3	42	27	1	6	2	10	1	2	1	659
0	1	3	43	25	1	6	2	11	1	3	0	348
0	1	3	44	23	1	6	2	12	1	4	0	346
0	1	3	45	21	1	6	2	13	1	5	0	344
0	1	3	46	19	1	6	2	14	1	6	0	342
0	1	3	47	17	1	6	2	15	1	7	0	340
0	1	3	48	47	1	6	3	0	0	0	2	1230
0	1	3	49	45	1	6	3	1	0	1	2	1228
0	1	3	50	43	1	6	3	2	0	2	2	1226
0	1	3	51	41	1	6	3	3	0	3	2	1224
0	1	3	52	39	1	6	3	4	0	4	2	1222
0	1	3	53	37	1	6	3	5	0	5	2	1220
0	1	3	54	35	1	6	3	6	0	6	1	641
0	1	3	55	33	1	6	3	7	0	7	1	643
0	1	3	56	63	1	6	3	8	1	0	1	645
0	1	3	57	61	1	6	3	9	1	1	1	647
0	1	3	58	59	1	6	3	10	1	2	1	649
0	1	3	59	57	1	6	3	11	1	3	0	358
0	1	3	60	55	1	6	3	12	1	4	0	356
0	1	3	61	53	1	6	3	13	1	5	0	354
0	1	3	62	51	1	6	3	14	1	6	0	352
0	1	3	63	49	1	6	3	15	1	7	0	350
0	1	3	64	78	1	6	4	0	0	0	0	331
0	1	3	65	76	1	6	4	1	0	1	0	333
0	1	3	66	74	1	6	4	2	0	2	0	335
0	1	3	67	72	1	6	4	3	0	3	0	337
0	1	3	68	70	1	6	4	4	0	4	0	339
0	1	3	69	68	1	6	4	5	0	5	1	668
0	1	3	70	66	1	6	4	6	0	6	1	666
0	1	3	71	64	1	6	4	7	0	7	1	664
0	1	3	72	94	1	6	4	8	1	0	1	662
0	1	3	73	92	1	6	4	9	1	1	1	660
0	1	3	74	90	1	6	4	10	1	2	2	1197
0	1	3	75	88	1	6	4	11	1	3	2	1199
0	1	3	76	86	1	6	4	12	1	4	2	1201
0	1	3	77	84	1	6	4	13	1	5	2	1203
0	1	3	78	82	1	6	4	14	1	6	2	1205
0	1	3	79	80	1	6	4	15	1	7	2	1207
0	1	3	80	110	1	6	5	0	0	0	0	321
0	1	3	81	108	1	6	5	1	0	1	0	323
0	1	3	82	106	1	6	5	2	0	2	0	325
0	1	3	83	104	1	6	5	3	0	3	0	327
0	1	3	84	102	1	6	5	4	0	4	0	329
0	1	3	85	100	1	6	5	5	0	5	1	678
0	1	3	86	98	1	6	5	6	0	6	1	676
0	1	3	87	96	1	6	5	7	0	7	1	674
0	1	3	88	126	1	6	5	8	1	0	1	672
0	1	3	89	124	1	6	5	9	1	1	1	670
0	1	3	90	122	1	6	5	10	1	2	2	1185
0	1	3	91	120	1	6	5	11	1	3	2	1187
0	1	3	92	118	1	6	5	12	1	4	2	1189
0	1	3	93	116	1	6	5	13	1	5	2	1191
0	1	3	94	114	1	6	5	14	1	6	2	1193
0	1	3	95	112	1	6	5	15	1	7	2	1195
0	1	3	96	79	1	6	6	0	0	0	2	1206
0	1	3	97	77	1	6	6	1	0	1	2	1204
0	1	3	98	75	1	6	6	2	0	2	2	1202
0	1	3	99	73	1	6	6	3	0	3	2	1200
0	1	3	100	71	1	6	6	4	0	4	2	1198
0	1	3	101	69	1	6	6	5	0	5	2	1196
0	1	3	102	67	1	6	6	6	0	6	1	661
0	1	3	103	65	1	6	6	7	0	7	1	663
0	1	3	104	95	1	6	6	8	1	0	1	665
0	1	3	105	93	1	6	6	9	1	1	1	667
0	1	3	106	91	1	6	6	10	1	2	1	669
0	1	3	107	89	1	6	6	11	1	3	0	338
0	1	3	108	87	1	6	6	12	1	4	0	336
0	1	3	109	85	1	6	6	13	1	5	0	334
0	1	3	110	83	1	6	6	14	1	6	0	332
0	1	3	111	81	1	6	6	15	1	7	0	330
0	1	3	112	111	1	6	7	0	0	0	2	1194
0	1	3	113	109	1	6	7	1	0	1	2	1192
0	1	3	114	107	1	6	7	2	0	2	2	1190
0	1	3	115	105	1	6	7	3	0	3	2	1188
0	1	3	116	103	1	6	7	4	0	4	2	1186
0	1	3	117	101	1	6	7	5	0	5	2	1184
0	1	3	118	99	1	6	7	6	0	6	1	671
0	1	3	119	97	1	6	7	7	0	7	1	673
0	1	3	120	127	1	6	7	8	1	0	1	675
0	1	3	121	125	1	6	7	9	1	1	1	677
0	1	3	122	123	1	6	7	10	1	2	1	679
0	1	3	123	121	1	6	7	11	1	3	0	328
0	1	3	124	119	1	6	7	12	1	4	0	326
0	1	3	125	117	1	6	7	13	1	5	0	324
0	1	3	126	115	1	6	7	14	1	6	0	322
0	1	3	127	113	1	6	7	15	1	7	0	320
0	2	3	0	14	2	7	0	0	0	0	0	301
0	2	3	1	12	2	7	0	1	0	1	0	303
0	2	3	2	10	2	7	0	2	0	2	0	305
0	2	3	3	8	2	7	0	3	0	3	0	307
0	2	3	4	6	2	7	0	4	0	4	0	309
0	2	3	5	4	2	7	0	5	0	5	1	698
0	2	3	6	2	2	7	0	6	0	6	1	696
0	2	3	7	0	2	7	0	7	0	7	1	694
0	2	3	8	30	2	7	0	8	1	0	1	692
0	2	3	9	28	2	7	0	9	1	1	1	690
0	2	3	10	26	2	7	0	10	1	2	2	1161
0	2	3	11	24	2	7	0	11	1	3	2	1163
0	2	3	12	22	2	7	0	12	1	4	2	1165
0	2	3	13	20	2	7	0	13	1	5	2	1167
0	2	3	14	18	2	7	0	14	1	6	2	1169
0	2	3	15	16	2	7	0	15	1	7	2	1171
0	2	3	16	46	2	7	1	0	0	0	0	311
0	2	3	17	44	2	7	1	1	0	1	0	313
0	2	3	18	42	2	7	1	2	0	2	0	315
0	2	3	19	40	2	7	1	3	0	3	0	317
0	2	3	20	38	2	7	1	4	0	4	0	319
0	2	3	21	36	2	7	1	5	0	5	1	688
0	2	3	22	34	2	7	1	6	0	6	1	686
0	2	3	23	32	2	7	1	7	0	7	1	684
0	2	3	24	62	2	7	1	8	1	0	1	682
0	2	3	25	60	2	7	1	9	1	1	1	680
0	2	3	26	58	2	7	1	10	1	2	2	1173
0	2	3	27	56	2	7	1	11	1	3	2	1175
0	2	3	28	54	2	7	1	12	1	4	2	1177
0	2	3	29	52	2	7	1	13	1	5	2	1179
0	2	3	30	50	2	7	1	14	1	6	2	1181
0	2	3	31	48	2	7	1	15	1	7	2	1183
0	2	3	32	15	2	7	2	0	0	0	2	1170
0	2	3	33	13	2	7	2	1	0	1	2	1168
0	2	3	34	11	2	7	2	2	0	2	2	1166
0	2	3	35	9	2	7	2	3	0	3	2	1164
0	2	3	36	7	2	7	2	4	0	4	2	1162
0	2	3	37	5	2	7	2	5	0	5	2	1160
0	2	3	38	3	2	7	2	6	0	6	1	691
0	2	3	39	1	2	7	2	7	0	7	1	693
0	2	3	40	31	2	7	2	8	1	0	1	695
0	2	3	41	29	2	7	2	9	1	1	1	697
0	2	3	42	27	2	7	2	10	1	2	1	699
0	2	3	43	25	2	7	2	11	1	3	0	308
0	2	3	44	23	2	7	2	12	1	4	0	306
0	2	3	45	21	2	7	2	13	1	5	0	304
0	2	3	46	19	2	7	2	14	1	6	0	302
0	2	3	47	17	2	7	2	15	1	7	0	300
0	2	3	48	47	2	7	3	0	0	0	2	1182
0	2	3	49	45	2	7	3	1	0	1	2	1180
0	2	3	50	43	2	7	3	2	0	2	2	1178
0	2	3	51	41	2	7	3	3	0	3	2	1176
0	2	3	52	39	2	7	3	4	0	4	2	1174
0	2	3	53	37	2	7	3	5	0	5	2	1172
0	2	3	54	35	2	7	3	6	0	6	1	681
0	2	3	55	33	2	7	3	7	0	7	1	683
0	2	3	56	63	2	7	3	8	1	0	1	685
0	2	3	57	61	2	7	3	9	1	1	1	687
0	2	3	58	59	2	7	3	10	1	2	1	689
0	2	3	59	57	2	7	3	11	1	3	0	318
0	2	3	60	55	2	7	3	12	1	4	0	316
0	2	3	61	53	2	7	3	13	1	5	0	314
0	2	3	62	51	2	7	3	14	1	6	0	312
0	2	3	63	49	2	7	3	15	1	7	0	310
0	2	3	64	78	2	7	4	0	0	0	0	291
0	2	3	65	76	2	7	4	1	0	1	0	293
0	2	3	66	74	2	7	4	2	0	2	0	295
0	2	3	67	72	2	7	4	3	0	3	0	297
0	2	3	68	70	2	7	4	4	0	4	0	299
0	2	3	69	68	2	7	4	5	0	5	1	708
0	2	3	70	66	2	7	4	6	0	6	1	706
0	2	3	71	64	2	7	4	7	0	7	1	704
0	2	3	72	94	2	7	4	8	1	0	1	702
0	2	3	73	92	2	7	4	9	1	1	1	700
0	2	3	74	90	2	7	4	10	1	2	2	1149
0	2	3	75	88	2	7	4	11	1	3	2	1151
0	2	3	76	86	2	7	4	12	1	4	2	1153
0	2	3	77	84	2	7	4	13	1	5	2	1155
0	2	3	78	82	2	7	4	14	1	6	2	1157
0	2	3	79	80	2	7	4	15	1	7	2	1159
0	2	3	80	110	2	7	5	0	0	0	0	281
0	2	3	81	108	2	7	5	1	0	1	0	283
0	2	3	82	106	2	7	5	2	0	2	0	285
0	2	3	83	104	2	7	5	3	0	3	0	287
0	2	3	84	102	2	7	5	4	0	4	0	289
0	2	3	85	100	2	7	5	5	0	5	1	718
0	2	3	86	98	2	7	5	6	0	6	1	716
0	2	3	87	96	2	7	5	7	0	7	1	714
0	2	3	88	126	2	7	5	8	1	0	1	712
0	2	3	89	124	2	7	5	9	1	1	1	710
0	2	3	90	122	2	7	5	10	1	2	2	1137
0	2	3	91	120	2	7	5	11	1	3	2	1139
0	2	3	92	118	2	7	5	12	1	4	2	1141
0	2	3	93	116	2	7	5	13	1	5	2	1143
0	2	3	94	114	2	7	5	14	1	6	2	1145
0	2	3	95	112	2	7	5	15	1	7	2	1147
0	2	3	96	79	2	7	6	0	0	0	2	1158
0	2	3	97	77	2	7	6	1	0	1	2	1156
0	2	3	98	75	2	7	6	2	0	2	2	1154
0	2	3	99	73	2	7	6	3	0	3	2	1152
0	2	3	100	71	2	7	6	4	0	4	2	1150
0	2	3	101	69	2	7	6	5	0	5	2	1148
0	2	3	102	67	2	7	6	6	0	6	1	701
0	2	3	103	65	2	7	6	7	0	7	1	703
0	2	3	104	95	2	7	6	8	1	0	1	705
0	2	3	105	93	2	7	6	9	1	1	1	707
0	2	3	106	91	2	7	6	10	1	2	1	709
0	2	3	107	89	2	7	6	11	1	3	0	298
0	2	3	108	87	2	7	6	12	1	4	0	296
0	2	3	109	85	2	7	6	13	1	5	0	294
0	2	3	110	83	2	7	6	14	1	6	0	292
0	2	3	111	81	2	7	6	15	1	7	0	290
0	2	3	112	111	2	7	7	0	0	0	2	1146
0	2	3	113	109	2	7	7	1	0	1	2	1144
0	2	3	114	107	2	7	7	2	0	2	2	1142
0	2	3	115	105	2	7	7	3	0	3	2	1140
0	2	3	116	103	2	7	7	4	0	4	2	1138
0	2	3	117	101	2	7	7	5	0	5	2	1136
0	2	3	118	99	2	7	7	6	0	6	1	711
0	2	3	119	97	2	7	7	7	0	7	1	713
0	2	3	120	127	2	7	7	8	1	0	1	715
0	2	3	121	125	2	7	7	9	1	1	1	717
0	2	3	122	123	2	7	7	10	1	2	1	719
0	2	3	123	121	2	7	7	11	1	3	0	288
0	2	3	124	119	2	7	7	12	1	4	0	286
0	2	3	125	117	2	7	7	13	1	5	0	284
0	2	3	126	115	2	7	7	14	1	6	0	282
0	2	3	127	113	2	7	7	15	1	7	0	280
0	0	2	0	14	0	8	0	0	0	0	0	261
0	0	2	1	12	0	8	0	1	0	1	0	263
0	0	2	2	10	0	8	0	2	0	2	0	265
0	0	2	3	8	0	8	0	3	0	3	0	267
0	0	2	4	6	0	8	0	4	0	4	0	269
0	0	2	5	4	0	8	0	5	0	5	1	738
0	0	2	6	2	0	8	0	6	0	6	1	736
0	0	2	7	0	0	8	0	7	0	7	1	734
0	0	2	8	30	0	8	0	8	1	0	1	732
0	0	2	9	28	0	8	0	9	1	1	1	730
0	0	2	10	26	0	8	0	10	1	2	2	1113
0	0	2	11	24	0	8	0	11	1	3	2	1115
0	0	2	12	22	0	8	0	12	1	4	2	1117
0	0	2	13	20	0	8	0	13	1	5	2	1119
0	0	2	14	18	0	8	0	14	1	6	2	1121
0	0	2	15	16	0	8	0	15	1	7	2	1123
0	0	2	16	46	0	8	1	0	0	0	0	271
0	0	2	17	44	0	8	1	1	0	1	0	273
0	0	2	18	42	0	8	1	2	0	2	0	275
0	0	2	19	40	0	8	1	3	0	3	0	277
0	0	2	20	38	0	8	1	4	0	4	0	279
0	0	2	21	36	0	8	1	5	0	5	1	728
0	0	2	22	34	0	8	1	6	0	6	1	726
0	0	2	23	32	0	8	1	7	0	7	1	724
0	0	2	24	62	0	8	1	8	1	0	1	722
0	0	2	25	60	0	8	1	9	1	1	1	720
0	0	2	26	58	0	8	1	10	1	2	2	1125
0	0	2	27	56	0	8	1	11	1	3	2	1127
0	0	2	28	54	0	8	1	12	1	4	2	1129
0	0	2	29	52	0	8	1	13	1	5	2	1131
0	0	2	30	50	0	8	1	14	1	6	2	1133
0	0	2	31	48	0	8	1	15	1	7	2	1135
0	0	2	32	15	0	8	2	0	0	0	2	1122
0	0	2	33	13	0	8	2	1	0	1	2	1120
0	0	2	34	11	0	8	2	2	0	2	2	1118
0	0	2	35	9	0	8	2	3	0	3	2	1116
0	0	2	36	7	0	8	2	4	0	4	2	1114
0	0	2	37	5	0	8	2	5	0	5	2	1112
0	0	2	38	3	0	8	2	6	0	6	1	731
0	0	2	39	1	0	8	2	7	0	7	1	733
0	0	2	40	31	0	8	2	8	1	0	1	735
0	0	2	41	29	0	8	2	9	1	1	1	737
0	0	2	42	27	0	8	2	10	1	2	1	739
0	0	2	43	25	0	8	2	11	1	3	0	268
0	0	2	44	23	0	8	2	12	1	4	0	266
0	0	2	45	21	0	8	2	13	1	5	0	264
0	0	2	46	19	0	8	2	14	1	6	0	262
0	0	2	47	17	0	8	2	15	1	7	0	260
0	0	2	48	47	0	8	3	0	0	0	2	1134
0	0	2	49	45	0	8	3	1	0	1	2	1132
0	0	2	50	43	0	8	3	2	0	2	2	1130
0	0	2	51	41	0	8	3	3	0	3	2	1128
0	0	2	52	39	0	8	3	4	0	4	2	1126
0	0	2	53	37	0	8	3	5	0	5	2	1124
0	0	2	54	35	0	8	3	6	0	6	1	721
0	0	2	55	33	0	8	3	7	0	7	1	723
0	0	2	56	63	0	8	3	8	1	0	1	725
0	0	2	57	61	0	8	3	9	1	1	1	727
0	0	2	58	59	0	8	3	10	1	2	1	729
0	0	2	59	57	0	8	3	11	1	3	0	278
0	0	2	60	55	0	8	3	12	1	4	0	276
0	0	2	61	53	0	8	3	13	1	5	0	274
0	0	2	62	51	0	8	3	14	1	6	0	272
0	0	2	63	49	0	8	3	15	1	7	0	270
0	0	2	64	78	0	8	4	0	0	0	0	251
0	0	2	65	76	0	8	4	1	0	1	0	253
0	0	2	66	74	0	8	4	2	0	2	0	255
0	0	2	67	72	0	8	4	3	0	3	0	257
0	0	2	68	70	0	8	4	4	0	4	0	259
0	0	2	69	68	0	8	4	5	0	5	1	748
0	0	2	70	66	0	8	4	6	0	6	1	746
0	0	2	71	64	0	8	4	7	0	7	1	744
0	0	2	72	94	0	8	4	8	1	0	1	742
0	0	2	73	92	0	8	4	9	1	1	1	740
0	0	2	74	90	0	8	4	10	1	2	2	1101
0	0	2	75	88	0	8	4	11	1	3	2	1103
0	0	2	76	86	0	8	4	12	1	4	2	1105
0	0	2	77	84	0	8	4	13	1	5	2	1107
0	0	2	78	82	0	8	4	14	1	6	2	1109
0	0	2	79	80	0	8	4	15	1	7	2	1111
0	0	2	80	110	0	8	5	0	0	0	0	241
0	0	2	81	108	0	8	5	1	0	1	0	243
0	0	2	82	106	0	8	5	2	0	2	0	245
0	0	2	83	104	0	8	5	3	0	3	0	247
0	0	2	84	102	0	8	5	4	0	4	0	249
0	0	2	85	100	0	8	5	5	0	5	1	758
0	0	2	86	98	0	8	5	6	0	6	1	756
0	0	2	87	96	0	8	5	7	0	7	1	754
0	0	2	88	126	0	8	5	8	1	0	1	752
0	0	2	89	124	0	8	5	9	1	1	1	750
0	0	2	90	122	0	8	5	10	1	2	2	1089
0	0	2	91	120	0	8	5	11	1	3	2	1091
0	0	2	92	118	0	8	5	12	1	4	2	1093
0	0	2	93	116	0	8	5	13	1	5	2	1095
0	0	2	94	114	0	8	5	14	1	6	2	1097
0	0	2	95	112	0	8	5	15	1	7	2	1099
0	0	2	96	79	0	8	6	0	0	0	2	1110
0	0	2	97	77	0	8	6	1	0	1	2	1108
0	0	2	98	75	0	8	6	2	0	2	2	1106
0	0	2	99	73	0	8	6	3	0	3	2	1104
0	0	2	100	71	0	8	6	4	0	4	2	1102
0	0	2	101	69	0	8	6	5	0	5	2	1100
0	0	2	102	67	0	8	6	6	0	6	1	741
0	0	2	103	65	0	8	6	7	0	7	1	743
0	0	2	104	95	0	8	6	8	1	0	1	745
0	0	2	105	93	0	8	6	9	1	1	1	747
0	0	2	106	91	0	8	6	10	1	2	1	749
0	0	2	107	89	0	8	6	11	1	3	0	258
0	0	2	108	87	0	8	6	12	1	4	0	256
0	0	2	109	85	0	8	6	13	1	5	0	254
0	0	2	110	83	0	8	6	14	1	6	0	252
0	0	2	111	81	0	8	6	15	1	7	0	250
0	0	2	112	111	0	8	7	0	0	0	2	1098
0	0	2	113	109	0	8	7	1	0	1	2	1096
0	0	2	114	107	0	8	7	2	0	2	2	1094
0	0	2	115	105	0	8	7	3	0	3	2	1092
0	0	2	116	103	0	8	7	4	0	4	2	1090
0	0	2	117	101	0	8	7	5	0	5	2	1088
0	0	2	118	99	0	8	7	6	0	6	1	751
0	0	2	119	97	0	8	7	7	0	7	1	753
0	0	2	120	127	0	8	7	8	1	0	1	755
0	0	2	121	125	0	8	7	9	1	1	1	757
0	0	2	122	123	0	8	7	10	1	2	1	759
0	0	2	123	121	0	8	7	11	1	3	0	248
0	0	2	124	119	0	8	7	12	1	4	0	246
0	0	2	125	117	0	8	7	13	1	5	0	244
0	0	2	126	115	0	8	7	14	1	6	0	242
0	0	2	127	113	0	8	7	15	1	7	0	240
0	1	2	0	14	1	9	0	0	0	0	0	221
0	1	2	1	12	1	9	0	1	0	1	0	223
0	1	2	2	10	1	9	0	2	0	2	0	225
0	1	2	3	8	1	9	0	3	0	3	0	227
0	1	2	4	6	1	9	0	4	0	4	0	229
0	1	2	5	4	1	9	0	5	0	5	1	778
0	1	2	6	2	1	9	0	6	0	6	1	776
0	1	2	7	0	1	9	0	7	0	7	1	774
0	1	2	8	30	1	9	0	8	1	0	1	772
0	1	2	9	28	1	9	0	9	1	1	1	770
0	1	2	10	26	1	9	0	10	1	2	2	1065
0	1	2	11	24	1	9	0	11	1	3	2	1067
0	1	2	12	22	1	9	0	12	1	4	2	1069
0	1	2	13	20	1	9	0	13	1	5	2	1071
0	1	2	14	18	1	9	0	14	1	6	2	1073
0	1	2	15	16	1	9	0	15	1	7	2	1075
0	1	2	16	46	1	9	1	0	0	0	0	231
0	1	2	17	44	1	9	1	1	0	1	0	233
0	1	2	18	42	1	9	1	2	0	2	0	235
0	1	2	19	40	1	9	1	3	0	3	0	237
0	1	2	20	38	1	9	1	4	0	4	0	239
0	1	2	21	36	1	9	1	5	0	5	1	768
0	1	2	22	34	1	9	1	6	0	6	1	766
0	1	2	23	32	1	9	1	7	0	7	1	764
0	1	2	24	62	1	9	1	8	1	0	1	762
0	1	2	25	60	1	9	1	9	1	1	1	760
0	1	2	26	58	1	9	1	10	1	2	2	1077
0	1	2	27	56	1	9	1	11	1	3	2	1079
0	1	2	28	54	1	9	1	12	1	4	2	1081
0	1	2	29	52	1	9	1	13	1	5	2	1083
0	1	2	30	50	1	9	1	14	1	6	2	1085
0	1	2	31	48	1	9	1	15	1	7	2	1087
0	1	2	32	15	1	9	2	0	0	0	2	1074
0	1	2	33	13	1	9	2	1	0	1	2	1072
0	1	2	34	11	1	9	2	2	0	2	2	1070
0	1	2	35	9	1	9	2	3	0	3	2	1068
0	1	2	36	7	1	9	2	4	0	4	2	1066
0	1	2	37	5	1	9	2	5	0	5	2	1064
0	1	2	38	3	1	9	2	6	0	6	1	771
0	1	2	39	1	1	9	2	7	0	7	1	773
0	1	2	40	31	1	9	2	8	1	0	1	775
0	1	2	41	29	1	9	2	9	1	1	1	777
0	1	2	42	27	1	9	2	10	1	2	1	779
0	1	2	43	25	1	9	2	11	1	3	0	228
0	1	2	44	23	1	9	2	12	1	4	0	226
0	1	2	45	21	1	9	2	13	1	5	0	224
0	1	2	46	19	1	9	2	14	1	6	0	222
0	1	2	47	17	1	9	2	15	1	7	0	220
0	1	2	48	47	1	9	3	0	0	0	2	1086
0	1	2	49	45	1	9	3	1	0	1	2	1084
0	1	2	50	43	1	9	3	2	0	2	2	1082
0	1	2	51	41	1	9	3	3	0	3	2	1080
0	1	2	52	39	1	9	3	4	0	4	2	1078
0	1	2	53	37	1	9	3	5	0	5	2	1076
0	1	2	54	35	1	9	3	6	0	6	1	761
0	1	2	55	33	1	9	3	7	0	7	1	763
0	1	2	56	63	1	9	3	8	1	0	1	765
0	1	2	57	61	1	9	3	9	1	1	1	767
0	1	2	58	59	1	9	3	10	1	2	1	769
0	1	2	59	57	1	9	3	11	1	3	0	238
0	1	2	60	55	1	9	3	12	1	4	0	236
0	1	2	61	53	1	9	3	13	1	5	0	234
0	1	2	62	51	1	9	3	14	1	6	0	232
0	1	2	63	49	1	9	3	15	1	7	0	230
0	1	2	64	78	1	9	4	0	0	0	0	211
0	1	2	65	76	1	9	4	1	0	1	0	213
0	1	2	66	74	1	9	4	2	0	2	0	215
0	1	2	67	72	1	9	4	3	0	3	0	217
0	1	2	68	70	1	9	4	4	0	4	0	219
0	1	2	69	68	1	9	4	5	0	5	1	788
0	1	2	70	66	1	9	4	6	0	6	1	786
0	1	2	71	64	1	9	4	7	0	7	1	784
0	1	2	72	94	1	9	4	8	1	0	1	782
0	1	2	73	92	1	9	4	9	1	1	1	780
0	1	2	74	90	1	9	4	10	1	2	2	1053
0	1	2	75	88	1	9	4	11	1	3	2	1055
0	1	2	76	86	1	9	4	12	1	4	2	1057
0	1	2	77	84	1	9	4	13	1	5	2	1059
0	1	2	78	82	1	9	4	14	1	6	2	1061
0	1	2	79	80	1	9	4	15	1	7	2	1063
0	1	2	80	110	1	9	5	0	0	0	0	201
0	1	2	81	108	1	9	5	1	0	1	0	203
0	1	2	82	106	1	9	5	2	0	2	0	205
0	1	2	83	104	1	9	5	3	0	3	0	207
0	1	2	84	102	1	9	5	4	0	4	0	209
0	1	2	85	100	1	9	5	5	0	5	1	798
0	1	2	86	98	1	9	5	6	0	6	1	796
0	1	2	87	96	1	9	5	7	0	7	1	794
0	1	2	88	126	1	9	5	8	1	0	1	792
0	1	2	89	124	1	9	5	9	1	1	1	790
0	1	2	90	122	1	9	5	10	1	2	2	1041
0	1	2	91	120	1	9	5	11	1	3	2	1043
0	1	2	92	118	1	9	5	12	1	4	2	1045
0	1	2	93	116	1	9	5	13	1	5	2	1047
0	1	2	94	114	1	9	5	14	1	6	2	1049
0	1	2	95	112	1	9	5	15	1	7	2	1051
0	1	2	96	79	1	9	6	0	0	0	2	1062
0	1	2	97	77	1	9	6	1	0	1	2	1060
0	1	2	98	75	1	9	6	2	0	2	2	1058
0	1	2	99	73	1	9	6	3	0	3	2	1056
0	1	2	100	71	1	9	6	4	0	4	2	1054
0	1	2	101	69	1	9	6	5	0	5	2	1052
0	1	2	102	67	1	9	6	6	0	6	1	781
0	1	2	103	65	1	9	6	7	0	7	1	783
0	1	2	104	95	1	9	6	8	1	0	1	785
0	1	2	105	93	1	9	6	9	1	1	1	787
0	1	2	106	91	1	9	6	10	1	2	1	789
0	1	2	107	89	1	9	6	11	1	3	0	218
0	1	2	108	87	1	9	6	12	1	4	0	216
0	1	2	109	85	1	9	6	13	1	5	0	214
0	1	2	110	83	1	9	6	14	1	6	0	212
0	1	2	111	81	1	9	6	15	1	7	0	210
0	1	2	112	111	1	9	7	0	0	0	2	1050
0	1	2	113	109	1	9	7	1	0	1	2	1048
0	1	2	114	107	1	9	7	2	0	2	2	1046
0	1	2	115	105	1	9	7	3	0	3	2	1044
0	1	2	116	103	1	9	7	4	0	4	2	1042
0	1	2	117	101	1	9	7	5	0	5	2	1040
0	1	2	118	99	1	9	7	6	0	6	1	791
0	1	2	119	97	1	9	7	7	0	7	1	793
0	1	2	120	127	1	9	7	8	1	0	1	795
0	1	2	121	125	1	9	7	9	1	1	1	797
0	1	2	122	123	1	9	7	10	1	2	1	799
0	1	2	123	121	1	9	7	11	1	3	0	208
0	1	2	124	119	1	9	7	12	1	4	0	206
0	1	2	125	117	1	9	7	13	1	5	0	204
0	1	2	126	115	1	9	7	14	1	6	0	202
0	1	2	127	113	1	9	7	15	1	7	0	200
