    0     1    11    11     0     0     0
    1     1    11    11     1     0     1
    2     1    11    11     2     0     2
    3     1    11    11     3     0     3
    4     1    11    11     4     2     4
    5     1    11    11     5     2     5
    6     1    11    11     6     2     6
    7     1    11    11     7     2     7
    8     1    11    11     8     4     8
    9     1    11    11     9     4     9
   10     1    11    11    10     4    10
   11     1    11    11    11     4    11
   12     1    12    12     0     6    12
   13     1    12    12     1     6    13
   14     1    12    12     2     6    14
   15     1    12    12     3     6    15
   16     1    12    12     4     8    16
   17     1    12    12     5     8    17
   18     1    12    12     6     8    18
   19     1    12    12     7     8    19
   20     1    12    12     8    10    20
   21     1    12    12     9    10    21
   22     1    12    12    10    10    22
   23     1    12    12    11    10    23
   24     1    13    13     0    12    24
   25     1    13    13     1    12    25
   26     1    13    13     2    12    26
   27     1    13    13     3    12    27
   28     1    13    13     4    14    28
   29     1    13    13     5    14    29
   30     1    13    13     6    14    30
   31     1    13    13     7    14    31
   32     1    13    13     8    16    32
   33     1    13    13     9    16    33
   34     1    13    13    10    16    34
   35     1    13    13    11    16    35
   36     1    14    14     0    18    36
   37     1    14    14     1    18    37
   38     1    14    14     2    18    38
   39     1    14    14     3    18    39
   48     2    21    21     0    20    48
   49     2    21    21     1    20    49
   50     2    21    21     2    20    50
   51     2    21    21     3    20    51
   52     2    21    21     4    22    52
   53     2    21    21     5    22    53
   54     2    21    21     6    22    54
   55     2    21    21     7    22    55
   56     2    21    21     8    24    56
   57     2    21    21     9    24    57
   58     2    21    21    10    24    58
   59     2    21    21    11    24    59
   60     2    22    22     0    26    60
   61     2    22    22     1    26    61
   62     2    22    22     2    26    62
   63     2    22    22     3    26    63
   64     2    22    22     4    28    64
   65     2    22    22     5    28    65
   66     2    22    22     6    28    66
   67     2    22    22     7    28    67
   68     2    22    22     8    30    68
   69     2    22    22     9    30    69
   70     2    22    22    10    30    70
   71     2    22    22    11    30    71
   72     2    23    23     0    32    72
   73     2    23    23     1    32    73
   74     2    23    23     2    32    74
   75     2    23    23     3    32    75
   76     2    23    23     4    34    76
   77     2    23    23     5    34    77
   78     2    23    23     6    34    78
   79     2    23    23     7    34    79
   80     2    23    23     8    36    80
   81     2    23    23     9    36    81
   82     2    23    23    10    36    82
   83     2    23    23    11    36    83
   84     2    24    24     0    38    84
   85     2    24    24     1    38    85
   86     2    24    24     2    38    86
   87     2    24    24     3    38    87
   96     3    31    31     0    40    96
   97     3    31    31     1    40    97
   98     3    31    31     2    40    98
   99     3    31    31     3    40    99
  100     3    31    31     4    42   100
  101     3    31    31     5    42   101
  102     3    31    31     6    42   102
  103     3    31    31     7    42   103
  104     3    31    31     8    44   104
  105     3    31    31     9    44   105
  106     3    31    31    10    44   106
  107     3    31    31    11    44   107
  108     3    32    32     0    48   108
  109     3    32    32     1    48   109
  110     3    32    32     2    48   110
  111     3    32    32     3    48   111
  112     3    32    32     4    50   112
  113     3    32    32     5    50   113
  114     3    32    32     6    50   114
  115     3    32    32     7    50   115
  116     3    32    32     8    52   116
  117     3    32    32     9    52   117
  118     3    32    32    10    52   118
  119     3    32    32    11    52   119
  120     3    33    33     0    54   120
  121     3    33    33     1    54   121
  122     3    33    33     2    54   122
  123     3    33    33     3    54   123
  124     3    33    33     4    56   124
  125     3    33    33     5    56   125
  126     3    33    33     6    56   126
  127     3    33    33     7    56   127
  128     3    33    33     8    58   128
  129     3    33    33     9    58   129
  130     3    33    33    10    58   130
  131     3    33    33    11    58   131
  132     3    34    34     0    46   132
  133     3    34    34     1    46   133
  134     3    34    34     2    46   134
  135     3    34    34     3    46   135
  136     3    34    34     4    46   136
  137     3    34    34     5    46   137
  138     3    34    34     6    46   138
  139     3    34    34     7    46   139
  140     3    34    34     8    46   140
  141     3    34    34     9    46   141
  142     3    34    34    10    46   142
  143     3    34    34    11    46   143
  144     4    41    41     0     1   144
  145     4    41    41     1     1   145
  146     4    41    41     2     1   146
  147     4    41    41     3     1   147
  148     4    41    41     4     3   148
  149     4    41    41     5     3   149
  150     4    41    41     6     3   150
  151     4    41    41     7     3   151
  152     4    41    41     8     5   152
  153     4    41    41     9     5   153
  154     4    41    41    10     5   154
  155     4    41    41    11     5   155
  156     4    42    42     0     7   156
  157     4    42    42     1     7   157
  158     4    42    42     2     7   158
  159     4    42    42     3     7   159
  160     4    42    42     4     9   160
  161     4    42    42     5     9   161
  162     4    42    42     6     9   162
  163     4    42    42     7     9   163
  164     4    42    42     8    11   164
  165     4    42    42     9    11   165
  166     4    42    42    10    11   166
  167     4    42    42    11    11   167
  168     4    43    43     0    13   168
  169     4    43    43     1    13   169
  170     4    43    43     2    13   170
  171     4    43    43     3    13   171
  172     4    43    43     4    15   172
  173     4    43    43     5    15   173
  174     4    43    43     6    15   174
  175     4    43    43     7    15   175
  176     4    43    43     8    17   176
  177     4    43    43     9    17   177
  178     4    43    43    10    17   178
  179     4    43    43    11    17   179
  180     4    44    44     0    19   180
  181     4    44    44     1    19   181
  182     4    44    44     2    19   182
  183     4    44    44     3    19   183
  192     5    51    51     0    49   192
  193     5    51    51     1    49   193
  194     5    51    51     2    49   194
  195     5    51    51     3    49   195
  196     5    51    51     4    53   196
  197     5    51    51     5    53   197
  198     5    51    51     6    53   198
  199     5    51    51     7    53   199
  200     5    51    51     8    55   200
  201     5    51    51     9    55   201
  202     5    51    51    10    55   202
  203     5    51    51    11    55   203
  204     5    52    52     0    59   204
  205     5    52    52     1    59   205
  206     5    52    52     2    59   206
  207     5    52    52     3    59   207
  216     5    53    53     0    41   216
  217     5    53    53     1    41   217
  218     5    53    53     2    41   218
  219     5    53    53     3    41   219
  220     5    53    53     4    43   220
  221     5    53    53     5    43   221
  222     5    53    53     6    43   222
  223     5    53    53     7    43   223
  224     5    53    53     8    45   224
  225     5    53    53     9    45   225
  226     5    53    53    10    45   226
  227     5    53    53    11    45   227
  228     5    54    54     0    47   228
  229     5    54    54     1    47   229
  230     5    54    54     2    47   230
  231     5    54    54     3    47   231
  232     5    54    54     4    51   232
  233     5    54    54     5    51   233
  234     5    54    54     6    51   234
  235     5    54    54     7    51   235
  236     5    54    54     8    57   236
  237     5    54    54     9    57   237
  238     5    54    54    10    57   238
  239     5    54    54    11    57   239
  240     6    61    61     0    21   240
  241     6    61    61     1    21   241
  242     6    61    61     2    21   242
  243     6    61    61     3    21   243
  244     6    61    61     4    23   244
  245     6    61    61     5    23   245
  246     6    61    61     6    23   246
  247     6    61    61     7    23   247
  248     6    61    61     8    25   248
  249     6    61    61     9    25   249
  250     6    61    61    10    25   250
  251     6    61    61    11    25   251
  252     6    62    62     0    27   252
  253     6    62    62     1    27   253
  254     6    62    62     2    27   254
  255     6    62    62     3    27   255
  256     6    62    62     4    29   256
  257     6    62    62     5    29   257
  258     6    62    62     6    29   258
  259     6    62    62     7    29   259
  260     6    62    62     8    33   260
  261     6    62    62     9    33   261
  262     6    62    62    10    33   262
  263     6    62    62    11    33   263
  264     6    63    63     0    31   264
  265     6    63    63     1    31   265
  266     6    63    63     2    31   266
  267     6    63    63     3    31   267
  268     6    63    63     4    31   268
  269     6    63    63     5    31   269
  270     6    63    63     6    31   270
  271     6    63    63     7    31   271
  272     6    63    63     8    31   272
  273     6    63    63     9    31   273
  274     6    63    63    10    31   274
  275     6    63    63    11    31   275
  276     6    64    64     0    35   276
  277     6    64    64     1    35   277
  278     6    64    64     2    35   278
  279     6    64    64     3    35   279
  280     6    64    64     4    37   280
  281     6    64    64     5    37   281
  282     6    64    64     6    37   282
  283     6    64    64     7    37   283
  284     6    64    64     8    39   284
  285     6    64    64     9    39   285
  286     6    64    64    10    39   286
